param n := 75;
param Q := 140;
param c:
	0	1	2	3	4	5	6	7	8	9	10	11	12	13	14	15	16	17	18	19	20	21	22	23	24	25	26	27	28	29	30	31	32	33	34	35	36	37	38	39	40	41	42	43	44	45	46	47	48	49	50	51	52	53	54	55	56	57	58	59	60	61	62	63	64	65	66	67	68	69	70	71	72	73	74	75 :=
0	0.0	25.45584412271571	14.560219778561036	19.6468827043885	7.0710678118654755	25.0	9.219544457292887	14.142135623730951	15.811388300841896	23.600847442411894	26.0	29.154759474226502	12.083045973594572	22.561028345356956	27.80287754891569	27.202941017470888	19.4164878389476	8.06225774829855	34.88552708502482	23.40939982143925	36.76955262170047	27.294688127912362	30.4138126514911	31.38470965295043	33.13608305156178	33.24154027718932	6.082762530298219	16.15549442140351	24.515301344262525	18.439088914585774	14.317821063276353	37.107950630558946	22.20360331117452	17.804493814764857	10.0	18.027756377319946	33.1058907144937	32.01562118716424	26.92582403567252	22.360679774997898	14.142135623730951	36.235341863986875	36.069377593742864	31.89043743820395	20.615528128088304	14.142135623730951	11.180339887498949	26.92582403567252	20.615528128088304	28.071337695236398	29.68164415931166	11.045361017187261	14.142135623730951	22.67156809750927	27.018512172212592	42.42640687119285	37.16180835212409	28.178005607210743	20.0	38.41874542459709	43.266615305567875	34.23448553724738	22.360679774997898	22.360679774997898	43.01162633521314	31.622776601683793	36.235341863986875	5.385164807134504	7.280109889280518	37.36308338453881	41.23105625617661	39.824615503479755	20.615528128088304	20.615528128088304	20.0	3.0	
1	25.45584412271571	0.0	14.560219778561036	23.021728866442675	26.419689627245813	33.06055050963308	16.278820596099706	39.59797974644666	40.22437072223753	37.21558813185679	47.53945729601885	54.20332093147061	31.78049716414141	42.05948168962618	53.150729063673246	40.049968789001575	14.035668847618199	24.596747752497688	36.40054944640259	47.70744176750625	44.721359549995796	23.769728648009426	9.848857801796104	12.529964086141668	25.80697580112788	42.2965719651132	30.610455730027933	35.11409973215888	14.317821063276353	30.265491900843113	21.37755832643195	54.74486277268398	31.0	8.06225774829855	33.28663395418648	43.278170016764804	34.17601498127012	38.63935817272331	50.60632371551998	38.8329756778952	29.120439557122072	11.180339887498949	10.63014581273465	6.708203932499369	26.019223662515376	29.120439557122072	35.22782990761707	28.861739379323623	26.019223662515376	18.867962264113206	34.713109915419565	18.384776310850235	35.77708763999664	48.104053883222775	48.84669896727925	49.47726750741192	16.278820596099706	43.289721643826724	42.04759208325728	63.7808748764079	45.69463863518345	21.2602916254693	8.246211251235321	8.246211251235321	18.384776310850235	55.569775957799216	61.032778078668514	30.479501308256342	19.4164878389476	33.28663395418648	46.17358552246078	40.718546143004666	40.162171256046406	5.385164807134504	18.110770276274835	23.430749027719962	
2	14.560219778561036	14.560219778561036	0.0	24.20743687382041	12.727922061357855	19.924858845171276	8.54400374531753	27.784887978899608	26.870057685088806	34.48187929913333	40.19950248448356	43.382023926967726	25.019992006393608	27.51363298439521	40.45985664828782	26.076809620810597	18.027756377319946	18.24828759089466	40.36087214122113	34.058772731852805	32.31098884280702	15.264337522473747	16.401219466856727	25.079872407968907	33.61547262794322	42.485291572496	20.615528128088304	20.615528128088304	10.04987562112089	16.0	7.0	50.24937810560445	30.4138126514911	10.44030650891055	19.79898987322333	30.610455730027933	24.08318915758459	26.40075756488817	41.48493702538308	34.52535300326414	24.73863375370596	25.632011235952593	24.186773244895647	21.18962010041709	26.627053911388696	14.560219778561036	21.93171219946131	17.804493814764857	13.0	26.832815729997478	36.61966684720111	14.7648230602334	21.633307652783937	36.359317925395686	34.438350715445125	51.10772935672255	30.01666203960727	29.017236257093817	34.23448553724738	50.99019513592785	35.608987629529715	20.0	8.48528137423857	16.492422502470642	29.698484809834994	46.17358552246078	50.566787519082126	18.35755975068582	7.280109889280518	26.076809620810597	34.9857113690718	31.144823004794873	34.0147027033899	9.219544457292887	7.211102550927978	11.704699910719626	
3	19.6468827043885	23.021728866442675	24.20743687382041	0.0	26.0	42.20189569201838	16.278820596099706	29.427877939124322	34.0	14.866068747318506	28.319604517012593	39.44616584663204	15.231546211727817	42.20189569201838	42.720018726587654	46.06517122512408	9.0	12.041594578792296	16.278820596099706	41.10960958218893	54.644304369257	39.408120990476064	32.38826948140329	19.72308292331602	14.142135623730951	19.4164878389476	20.024984394500787	35.73513677041127	32.202484376209235	36.359317925395686	29.068883707497267	32.57299494980466	8.06225774829855	16.76305461424021	29.427877939124322	34.36568055487916	48.104053883222775	49.20365840057018	33.421549934136806	17.4928556845359	10.295630140987	29.410882339705484	31.575306807693888	26.476404589747453	3.0	32.64965543462902	30.14962686336267	41.72529209005013	36.124783736376884	11.40175425099138	12.529964086141668	10.0	33.734255586866	36.05551275463989	46.17358552246078	27.313000567495326	25.0	47.53945729601885	24.20743687382041	52.55473337388365	59.413803110051795	41.78516483155236	26.570660511172846	15.033296378372908	40.44749683231337	38.28837943815329	45.0	24.186773244895647	20.808652046684813	50.21951811795888	58.25804665451803	55.17245689653489	20.518284528683193	21.840329667841555	31.400636936215164	20.615528128088304	
4	7.0710678118654755	26.419689627245813	12.727922061357855	26.0	0.0	18.027756377319946	12.041594578792296	15.811388300841896	14.142135623730951	30.610455730027933	31.400636936215164	31.622776601683793	18.867962264113206	17.0	27.80287754891569	20.248456731316587	24.020824298928627	15.0	41.677331968349414	21.400934559032695	29.698484809834994	22.02271554554524	29.068883707497267	34.713109915419565	38.8329756778952	40.311288741492746	11.704699910719626	10.04987562112089	21.470910553583888	11.40175425099138	9.219544457292887	43.32435804486894	29.206163733020468	19.924858845171276	7.0710678118654755	18.027756377319946	26.570660511172846	25.0	31.064449134018133	29.154759474226502	21.213203435596427	37.589892258425	36.61966684720111	33.12099032335839	27.294688127912362	7.0710678118654755	9.219544457292887	20.615528128088304	14.317821063276353	33.13608305156178	36.61966684720111	16.492422502470642	9.486832980505138	24.166091947189145	22.80350850198276	49.49747468305833	40.26164427839479	21.540659228538015	25.495097567963924	38.28837943815329	36.359317925395686	30.364452901377952	21.213203435596427	25.495097567963924	42.42640687119285	35.35533905932738	38.897300677553446	7.0	7.280109889280518	31.400636936215164	34.20526275297414	33.1058907144937	26.92582403567252	21.095023109728988	15.811388300841896	5.385164807134504	
5	25.0	33.06055050963308	19.924858845171276	42.20189569201838	18.027756377319946	0.0	26.076809620810597	30.4138126514911	25.0	48.60041152089147	48.38388161361178	45.0	36.89173349139343	16.55294535724685	37.656340767525464	8.06225774829855	37.57658845611187	32.55764119219941	58.412327466040935	28.861739379323623	12.529964086141668	13.038404810405298	29.832867780352597	44.721359549995796	53.225933528685054	58.137767414994535	29.5296461204668	14.0	20.396078054371138	6.708203932499369	13.416407864998739	60.92618484691127	46.66904755831214	30.364452901377952	20.615528128088304	30.0	10.04987562112089	7.0710678118654755	46.69047011971501	47.16990566028302	39.05124837953327	43.104524124504614	40.44749683231337	39.01281840626232	44.04543109109048	11.180339887498949	22.360679774997898	7.0710678118654755	7.0710678118654755	46.61544808322666	53.81449618829484	32.202484376209235	18.027756377319946	37.0	24.186773244895647	67.26812023536856	49.25444142409901	12.206555615733702	42.720018726587654	46.486557196677836	18.35755975068582	23.600847442411894	25.0	36.40054944640259	42.720018726587654	50.24937810560445	52.03844732503075	24.166091947189145	21.400934559032695	16.76305461424021	16.278820596099706	15.524174696260024	44.721359549995796	28.284271247461902	15.0	22.67156809750927	
6	9.219544457292887	16.278820596099706	8.54400374531753	16.278820596099706	12.041594578792296	26.076809620810597	0.0	23.345235059857504	24.596747752497688	25.96150997149434	32.7566787083184	38.01315561749642	17.11724276862369	29.017236257093817	37.013511046643494	30.675723300355934	12.165525060596439	10.0	32.55764119219941	32.202484376209235	38.58756276314948	23.706539182259394	22.135943621178654	22.80350850198276	27.51363298439521	34.0	14.422205101855956	22.0	18.110770276274835	20.615528128088304	12.806248474865697	42.04759208325728	21.95449840010015	8.602325267042627	18.027756377319946	27.202941017470888	31.89043743820395	33.015148038438355	34.92849839314596	26.1725046566048	16.278820596099706	27.018512172212592	26.90724809414742	22.67156809750927	18.439088914585774	17.46424919657298	19.697715603592208	25.495097567963924	19.849433241279208	21.37755832643195	28.42534080710379	6.4031242374328485	21.37755832643195	31.827660925679098	34.713109915419565	42.720018726587654	28.460498941515414	32.7566787083184	26.92582403567252	47.634021455258214	43.139309220245984	28.160255680657446	14.317821063276353	13.601470508735444	34.132096331752024	39.81205847478876	44.94441010848846	14.422205101855956	5.0990195135927845	34.48187929913333	42.01190307520001	38.948684188300895	26.076809620810597	11.661903789690601	15.652475842498529	7.615773105863909	
7	14.142135623730951	39.59797974644666	27.784887978899608	29.427877939124322	15.811388300841896	30.4138126514911	23.345235059857504	0.0	7.0710678118654755	25.632011235952593	18.867962264113206	15.811388300841896	15.033296378372908	19.209372712298546	13.892443989449804	28.635642126552707	32.202484376209235	18.027756377319946	41.43669871020132	12.165525060596439	39.395431207184416	37.48332962798263	44.10215414239989	44.77722635447622	43.56604182158393	35.84689665786984	9.848857801796104	16.76305461424021	37.16180835212409	24.08318915758459	25.0	32.202484376209235	28.160255680657446	31.89043743820395	10.0	5.0	40.19950248448356	36.40054944640259	16.278820596099706	22.360679774997898	20.0	50.32891812864648	50.20956084253277	46.010868281309364	29.068883707497267	20.0	8.06225774829855	35.0	29.068883707497267	39.84971769034255	35.510561809129406	23.706539182259394	12.649110640673518	8.602325267042627	19.235384061671343	44.721359549995796	50.60632371551998	27.459060435491963	14.142135623730951	24.413111231467404	48.08326112068523	46.17358552246078	36.05551275463989	36.05551275463989	57.0087712549569	20.0	23.08679276123039	9.433981132056603	20.808652046684813	46.0	44.94441010848846	45.89117562233506	18.027756377319946	34.713109915419565	31.622776601683793	16.401219466856727	
8	15.811388300841896	40.22437072223753	26.870057685088806	34.0	14.142135623730951	25.0	24.596747752497688	7.0710678118654755	0.0	32.202484376209235	25.80697580112788	20.0	20.8806130178211	12.206555615733702	13.892443989449804	22.135943621178654	35.17101079013795	22.02271554554524	47.29693436154187	7.615773105863909	32.89376840679705	33.83784863137726	43.18564576337837	47.16990566028302	48.041648597857254	42.485291572496	14.035668847618199	11.0	35.22782990761707	19.235384061671343	22.47220505424423	39.20459156782532	33.95585369269929	33.12099032335839	7.0710678118654755	5.0	35.014282800023196	30.4138126514911	22.47220505424423	29.154759474226502	25.495097567963924	51.31276644267	50.60632371551998	46.87216658103186	34.132096331752024	15.811388300841896	5.0	30.4138126514911	25.0	43.56604182158393	41.48493702538308	26.68332812825267	7.0710678118654755	12.0	12.649110640673518	51.478150704935004	52.92447448959697	20.591260281974	21.213203435596427	24.20743687382041	41.97618372363071	43.382023926967726	35.35533905932738	38.07886552931954	56.568542494923804	25.495097567963924	27.073972741361768	10.44030650891055	20.808652046684813	41.30375285612676	38.600518131237564	40.19950248448356	25.0	35.0	29.154759474226502	17.0	
9	23.600847442411894	37.21558813185679	34.48187929913333	14.866068747318506	30.610455730027933	48.60041152089147	25.96150997149434	25.632011235952593	32.202484376209235	0.0	15.652475842498529	29.614185789921695	12.041594578792296	43.266615305567875	36.05551275463989	50.20956084253277	23.53720459187964	16.55294535724685	17.26267650163207	37.64306044943742	60.207972893961475	49.39635614091387	46.0	34.438350715445125	24.839484696748443	10.295630140987	19.849433241279208	38.28837943815329	43.93176527297759	42.01190307520001	37.12142238654117	17.72004514666935	7.211102550927978	30.0	30.610455730027933	30.364452901377952	56.43580423808985	55.60575509783138	22.135943621178654	4.123105625617661	9.848857801796104	44.27188724235731	46.32493928760188	41.23105625617661	12.083045973594572	37.64306044943742	30.23243291566195	50.11985634456667	43.9089968002003	25.238858928247925	11.40175425099138	20.223748416156685	35.0	29.068883707497267	44.77722635447622	19.4164878389476	39.44616584663204	50.44799302251776	14.035668847618199	44.28317965096906	66.85057965343307	53.9351462406472	39.20459156782532	29.614185789921695	55.10898293381942	26.40075756488817	33.61547262794322	25.495097567963924	28.635642126552707	60.00833275470999	64.81512169239521	63.28506932918696	9.055385138137417	35.014282800023196	41.43669871020132	26.076809620810597	
10	26.0	47.53945729601885	40.19950248448356	28.319604517012593	31.400636936215164	48.38388161361178	32.7566787083184	18.867962264113206	25.80697580112788	15.652475842498529	0.0	15.033296378372908	15.811388300841896	38.01315561749642	23.769728648009426	47.41307836451879	35.510561809129406	23.08679276123039	32.57299494980466	28.42534080710379	58.137767414994535	53.150729063673246	54.817880294662984	47.80167361086848	40.22437072223753	23.08679276123039	20.024984394500787	35.34119409414458	50.24937810560445	41.7612260356422	40.11234224026316	13.45362404707371	22.20360331117452	39.56008088970496	27.85677655436824	21.93171219946131	57.723478758647246	54.78138369920935	7.0	11.661903789690601	18.867962264113206	56.43580423808985	57.697486947006624	52.773099207835045	26.1725046566048	37.36308338453881	26.40075756488817	51.97114584074513	45.70557952810576	39.59797974644666	26.92582403567252	29.154759474226502	31.304951684997057	17.4928556845359	36.796738985948195	30.265491900843113	53.2634959423431	46.32493928760188	6.0	30.066592756745816	66.48308055437865	60.13318551349163	47.07440918375928	41.182520563948	65.92419889539804	10.770329614269007	18.027756377319946	24.515301344262525	33.06055050963308	62.80127387243033	63.56099432828282	63.89053137985315	7.810249675906654	43.965895873961216	46.0	29.0	
11	29.154759474226502	54.20332093147061	43.382023926967726	39.44616584663204	31.622776601683793	45.0	38.01315561749642	15.811388300841896	20.0	29.614185789921695	15.033296378372908	0.0	24.413111231467404	30.805843601498726	10.63014581273465	41.593268686170845	44.68780594300866	30.4138126514911	46.87216658103186	18.384776310850235	52.172789842982326	53.150729063673246	59.53990258641679	57.48912940721924	52.80151512977634	38.01315561749642	23.600847442411894	31.0	52.92447448959697	39.11521443121589	40.80441152620633	26.40075756488817	35.11409973215888	46.22769732530488	25.495097567963924	15.0	55.00909015790027	50.24937810560445	8.06225774829855	25.495097567963924	29.154759474226502	64.4437739428721	64.81512169239521	60.30754513325841	38.01315561749642	35.35533905932738	23.345235059857504	50.24937810560445	44.553338819890925	50.774009099144415	41.0	36.76955262170047	27.018512172212592	8.0	26.832815729997478	45.27692569068709	63.25345840347388	39.293765408777	15.811388300841896	15.033296378372908	61.66036003787198	61.98386886924694	51.478150704935004	49.49747468305833	72.11102550927978	7.0710678118654755	7.280109889280518	25.079872407968907	36.235341863986875	61.204574992397426	58.05170109479997	60.13318551349163	20.615528128088304	49.64876634922564	47.43416490252569	31.76476034853718	
12	12.083045973594572	31.78049716414141	25.019992006393608	15.231546211727817	18.867962264113206	36.89173349139343	17.11724276862369	15.033296378372908	20.8806130178211	12.041594578792296	15.811388300841896	24.413111231467404	0.0	31.38470965295043	27.65863337187866	38.18376618407357	20.518284528683193	7.280109889280518	26.476404589747453	27.16615541441225	48.27007354458868	39.05124837953327	39.05124837953327	33.24154027718932	29.120439557122072	22.20360331117452	7.810249675906654	26.248809496813376	35.0	30.23243291566195	26.248809496813376	25.317977802344327	13.152946437965905	23.769728648009426	18.601075237738275	20.024984394500787	45.18849411078001	43.829214001622255	19.209372712298546	10.295630140987	5.0990195135927845	41.048751503547585	42.05948168962618	37.21558813185679	14.317821063276353	25.80697580112788	18.35755975068582	39.0	32.69556544854363	26.419689627245813	20.615528128088304	13.416407864998739	23.021728866442675	20.8806130178211	33.52610922848042	31.400636936215164	38.948684188300895	38.41874542459709	10.295630140987	37.33630940518894	55.226805085936306	45.0111097397076	31.400636936215164	25.80697580112788	50.15974481593781	24.20743687382041	30.4138126514911	13.45362404707371	18.24828759089466	49.33558553417604	53.009433122794285	51.884487084291386	9.0	28.160255680657446	31.400636936215164	14.866068747318506	
13	22.561028345356956	42.05948168962618	27.51363298439521	42.20189569201838	17.0	16.55294535724685	29.017236257093817	19.209372712298546	12.206555615733702	43.266615305567875	38.01315561749642	30.805843601498726	31.38470965295043	0.0	22.0	11.0	41.012193308819754	30.364452901377952	57.0087712549569	13.0	21.37755832643195	28.42534080710379	42.190046219457976	51.478150704935004	55.57877292636101	53.53503525729669	23.706539182259394	7.0710678118654755	33.015148038438355	13.45362404707371	21.02379604162864	51.40038910358559	43.86342439892262	36.49657518178932	13.0	16.55294535724685	26.248809496813376	20.09975124224178	34.438350715445125	40.607881008493905	35.34119409414458	53.14132102234569	51.478150704935004	48.703182647543684	43.01162633521314	13.0	13.038404810405298	23.323807579381203	19.79898987322333	50.08991914547278	51.478150704935004	33.24154027718932	8.54400374531753	23.08679276123039	7.810249675906654	62.68173577685928	56.88585061331157	8.54400374531753	33.301651610693426	30.083217912982647	31.064449134018133	38.948684188300895	35.34119409414458	42.2965719651132	55.758407437802596	37.0	37.33630940518894	18.384776310850235	24.08318915758459	33.24154027718932	27.294688127912362	30.14962686336267	36.796738985948195	36.68787265568828	26.627053911388696	22.090722034374522	
14	27.80287754891569	53.150729063673246	40.45985664828782	42.720018726587654	27.80287754891569	37.656340767525464	37.013511046643494	13.892443989449804	13.892443989449804	36.05551275463989	23.769728648009426	10.63014581273465	27.65863337187866	22.0	0.0	33.0	46.06517122512408	31.78049716414141	53.009433122794285	9.0	43.18564576337837	47.53945729601885	56.85068161420758	58.66856057549052	56.753854494650845	45.5411901469428	23.706539182259394	24.041630560342615	49.09175083453431	32.57299494980466	36.359317925395686	36.359317925395686	40.19950248448356	45.60701700396552	20.808652046684813	9.899494936611665	47.67598976424087	42.04759208325728	17.4928556845359	32.14031735997639	32.7566787083184	64.03124237432849	63.702433234531945	59.665735560705194	41.97618372363071	29.546573405388315	18.601075237738275	43.68065933568311	38.62641583165593	53.48831648126533	47.01063709417264	37.589892258425	20.615528128088304	7.0	16.76305461424021	53.600373133029585	64.4980619863884	30.14962686336267	22.20360331117452	10.63014581273465	53.03772242470448	57.245087125446844	48.91829923454004	49.92995093127971	70.09279563550022	17.69180601295413	15.811388300841896	22.67156809750927	33.94112549695428	54.3415126767741	49.16299421312742	52.08646657242167	27.16615541441225	48.104053883222775	43.04648650006177	29.732137494637012	
15	27.202941017470888	40.049968789001575	26.076809620810597	46.06517122512408	20.248456731316587	8.06225774829855	30.675723300355934	28.635642126552707	22.135943621178654	50.20956084253277	47.41307836451879	41.593268686170845	38.18376618407357	11.0	33.0	0.0	42.720018726587654	35.22782990761707	61.91122676865643	24.0	10.770329614269007	21.095023109728988	37.64306044943742	51.15662224971465	58.18934610390462	60.207972893961475	30.4138126514911	12.206555615733702	28.160255680657446	10.198039027185569	19.1049731745428	60.53924347066124	49.4064773081425	36.345563690772494	20.0	26.92582403567252	16.1245154965971	9.219544457292887	44.598206241955516	48.16637831516918	41.23105625617661	50.48762224545735	48.05205510693585	46.2709412050371	47.50789408087881	13.416407864998739	21.095023109728988	15.0	14.317821063276353	51.92301994298868	56.859475903318	36.24913792078372	16.1245154965971	33.734255586866	17.72004514666935	69.42621983083913	56.00892785976178	4.242640687119285	42.190046219457976	40.792156108742276	20.09975124224178	31.622776601683793	32.2490309931942	42.42640687119285	50.695167422546305	47.53945729601885	48.25971404805462	24.758836806279895	25.632011235952593	23.323807579381203	16.492422502470642	19.235384061671343	45.0	35.0	22.360679774997898	25.553864678361276	
16	19.4164878389476	14.035668847618199	18.027756377319946	9.0	24.020824298928627	37.57658845611187	12.165525060596439	32.202484376209235	35.17101079013795	23.53720459187964	35.510561809129406	44.68780594300866	20.518284528683193	41.012193308819754	46.06517122512408	42.720018726587654	0.0	14.422205101855956	23.323807579381203	42.720018726587654	50.08991914547278	32.526911934581186	23.53720459187964	12.806248474865697	15.652475842498529	28.284271247461902	22.360679774997898	34.058772731852805	24.413111231467404	32.57299494980466	24.166091947189145	41.23105625617661	17.029386365926403	8.602325267042627	29.274562336608895	36.76955262170047	42.01190307520001	44.294469180700204	39.698866482558415	25.632011235952593	16.64331697709324	21.02379604162864	22.80350850198276	17.72004514666935	12.0	29.614185789921695	30.59411708155671	35.805027579936315	30.886890422961002	9.219544457292887	20.8806130178211	8.54400374531753	33.06055050963308	39.96248240537617	46.2709412050371	35.73513677041127	18.601075237738275	44.91102314577124	30.610455730027933	56.43580423808985	53.600373133029585	33.54101966249684	18.35755975068582	6.082762530298219	31.575306807693888	44.68780594300866	50.91168824543142	24.73863375370596	17.26267650163207	43.18564576337837	53.0	49.040799340956916	27.784887978899608	13.416407864998739	24.839484696748443	19.026297590440446	
17	8.06225774829855	24.596747752497688	18.24828759089466	12.041594578792296	15.0	32.55764119219941	10.0	18.027756377319946	22.02271554554524	16.55294535724685	23.08679276123039	30.4138126514911	7.280109889280518	30.364452901377952	31.78049716414141	35.22782990761707	14.422205101855956	0.0	26.832815729997478	29.274562336608895	44.598206241955516	32.89376840679705	31.78049716414141	27.202941017470888	26.019223662515376	25.612496949731394	8.246211251235321	24.166091947189145	28.071337695236398	26.1725046566048	20.591260281974	32.0624390837628	14.212670403551895	16.55294535724685	17.46424919657298	22.80350850198276	39.96248240537617	39.6232255123179	26.076809620810597	16.278820596099706	6.708203932499369	34.20526275297414	34.9857113690718	30.23243291566195	12.649110640673518	22.02271554554524	18.110770276274835	33.61547262794322	27.459060435491963	21.840329667841555	21.633307652783937	6.4031242374328485	21.840329667841555	25.553864678361276	34.132096331752024	34.713109915419565	33.015148038438355	36.235341863986875	17.46424919657298	42.05948168962618	50.60632371551998	38.118237105091836	24.186773244895647	19.1049731745428	42.95346318982906	31.064449134018133	36.87817782917155	12.165525060596439	12.083045973594572	43.46262762420146	48.83646178829912	46.87216658103186	16.1245154965971	20.8806130178211	25.0	9.899494936611665	
18	34.88552708502482	36.40054944640259	40.36087214122113	16.278820596099706	41.677331968349414	58.412327466040935	32.55764119219941	41.43669871020132	47.29693436154187	17.26267650163207	32.57299494980466	46.87216658103186	26.476404589747453	57.0087712549569	53.009433122794285	61.91122676865643	23.323807579381203	26.832815729997478	0.0	53.600373133029585	70.80254232723568	55.44366510251645	46.238512086787566	28.071337695236398	13.152946437965905	11.313708498984761	33.52610922848042	50.99019513592785	47.70744176750625	52.43090691567332	45.34313619501854	29.732137494637012	13.341664064126334	31.906112267087632	44.01136216933077	46.389654018972806	64.35060217278468	65.43699259593154	39.293765408777	21.37755832643195	21.840329667841555	39.11521443121589	42.42640687119285	37.656340767525464	14.422205101855956	48.54894437575342	44.27188724235731	57.982756057296896	52.40229002629561	18.24828759089466	6.0	26.248809496813376	48.46648326421054	46.010868281309364	59.90826320300064	14.035668847618199	31.144823004794873	63.06346010171025	31.25699921617557	61.5223536610881	75.69015788066504	56.824290580701486	41.677331968349414	28.231188426986208	51.35172830587107	43.32435804486894	50.59644256269407	38.62641583165593	37.013511046643494	66.21933252457322	74.51845409024533	71.42128534267638	26.30589287593181	36.71511950137164	47.50789408087881	36.359317925395686	
19	23.40939982143925	47.70744176750625	34.058772731852805	41.10960958218893	21.400934559032695	28.861739379323623	32.202484376209235	12.165525060596439	7.615773105863909	37.64306044943742	28.42534080710379	18.384776310850235	27.16615541441225	13.0	9.0	24.0	42.720018726587654	29.274562336608895	53.600373133029585	0.0	34.23448553724738	39.35733730830886	50.20956084253277	54.78138369920935	55.226805085936306	47.75981574503821	21.095023109728988	15.652475842498529	41.86884283091664	24.166091947189145	29.068883707497267	41.773197148410844	40.311288741492746	40.70626487409524	14.422205101855956	7.280109889280518	38.8329756778952	33.06055050963308	23.430749027719962	34.17601498127012	32.0624390837628	58.83026432033091	58.008620049092706	54.378304497290095	41.0	21.633307652783937	12.529964086141668	35.11409973215888	30.4138126514911	50.99019513592785	47.67598976424087	34.20526275297414	12.806248474865697	11.40175425099138	8.602325267042627	56.462376853972415	60.53924347066124	21.213203435596427	25.059928172283335	17.88854381999832	44.04543109109048	49.39635614091387	42.5205832509386	45.69463863518345	63.702433234531945	25.059928172283335	24.515301344262525	18.027756377319946	28.30194339616981	45.60701700396552	40.19950248448356	43.104524124504614	29.546573405388315	42.43819034784589	35.608987629529715	24.596747752497688	
20	36.76955262170047	44.721359549995796	32.31098884280702	54.644304369257	29.698484809834994	12.529964086141668	38.58756276314948	39.395431207184416	32.89376840679705	60.207972893961475	58.137767414994535	52.172789842982326	48.27007354458868	21.37755832643195	43.18564576337837	10.770329614269007	50.08991914547278	44.598206241955516	70.80254232723568	34.23448553724738	0.0	22.02271554554524	40.01249804748511	56.753854494650845	65.7419196555744	70.00714249274856	40.607881008493905	22.825424421026653	31.064449134018133	18.439088914585774	25.942243542145693	71.19691004531025	58.7962583843564	42.720018726587654	30.528675044947494	37.64306044943742	12.649110640673518	6.082762530298219	55.362442142665635	58.412327466040935	50.91168824543142	54.08326913195984	51.0	50.24937810560445	56.4003546088143	22.627416997969522	31.76476034853718	16.0312195418814	19.313207915827967	59.09314681077663	66.06814663663572	44.654227123532216	26.832815729997478	44.384682042344295	27.018512172212592	79.19595949289332	61.0	13.038404810405298	52.839379254491625	50.15974481593781	10.198039027185569	31.04834939252005	36.49657518178932	48.703182647543684	51.78802950489621	58.240879114244144	58.69412236331676	35.0	33.83784863137726	18.867962264113206	6.0	11.40175425099138	55.47071299343465	40.26164427839479	26.68332812825267	34.713109915419565	
21	27.294688127912362	23.769728648009426	15.264337522473747	39.408120990476064	22.02271554554524	13.038404810405298	23.706539182259394	37.48332962798263	33.83784863137726	49.39635614091387	53.150729063673246	53.150729063673246	39.05124837953327	28.42534080710379	47.53945729601885	21.095023109728988	32.526911934581186	32.89376840679705	55.44366510251645	39.35733730830886	22.02271554554524	0.0	18.0	36.24913792078372	47.634021455258214	57.706152185014034	33.13608305156178	23.706539182259394	9.486832980505138	15.264337522473747	13.038404810405298	64.32728814430156	45.65084884205331	24.08318915758459	27.65863337187866	38.600518131237564	10.44030650891055	16.1245154965971	53.08483775994799	49.040799340956916	39.56008088970496	32.2490309931942	29.017236257093817	28.635642126552707	41.88078318274385	18.027756377319946	29.832867780352597	6.324555320336759	8.94427190999916	40.607881008493905	51.86520991955976	30.01666203960727	26.92582403567252	45.35416188179427	36.235341863986875	66.37017402418047	39.84971769034255	25.238858928247925	47.16990566028302	57.245087125446844	21.93171219946131	10.63014581273465	15.652475842498529	29.410882339705484	30.083217912982647	57.3149195236284	60.41522986797286	29.017236257093817	20.8806130178211	10.816653826391969	22.561028345356956	17.0	47.853944456021594	20.248456731316587	8.06225774829855	24.331050121192877	
22	30.4138126514911	9.848857801796104	16.401219466856727	32.38826948140329	29.068883707497267	29.832867780352597	22.135943621178654	44.10215414239989	43.18564576337837	46.0	54.817880294662984	59.53990258641679	39.05124837953327	42.190046219457976	56.85068161420758	37.64306044943742	23.53720459187964	31.78049716414141	46.238512086787566	50.20956084253277	40.01249804748511	18.0	0.0	21.213203435596427	35.510561809129406	51.78802950489621	36.24913792078372	35.805027579936315	9.486832980505138	29.068883707497267	21.400934559032695	63.198101237299845	40.19950248448356	16.0	36.124783736376884	47.01063709417264	28.160255680657446	34.058772731852805	57.0087712549569	47.16990566028302	37.21558813185679	14.560219778561036	11.045361017187261	11.661903789690601	35.35533905932738	29.410882339705484	38.28837943815329	24.08318915758459	23.40939982143925	28.653097563788805	44.384682042344295	26.1725046566048	37.53664875824692	52.69724850502159	49.64876634922564	59.20304046246274	23.323807579381203	41.43669871020132	49.040799340956916	67.35725647619564	39.05124837953327	12.206555615733702	8.06225774829855	18.027756377319946	13.601470508735444	61.84658438426491	66.64833081180653	34.66987164671943	23.323807579381203	25.632011235952593	40.311288741492746	33.95585369269929	47.853944456021594	11.045361017187261	15.652475842498529	27.784887978899608	
23	31.38470965295043	12.529964086141668	25.079872407968907	19.72308292331602	34.713109915419565	44.721359549995796	22.80350850198276	44.77722635447622	47.16990566028302	34.438350715445125	47.80167361086848	57.48912940721924	33.24154027718932	51.478150704935004	58.66856057549052	51.15662224971465	12.806248474865697	27.202941017470888	28.071337695236398	54.78138369920935	56.753854494650845	36.24913792078372	21.213203435596427	0.0	15.524174696260024	36.49657518178932	34.9857113690718	44.40720662234904	26.832815729997478	41.048751503547585	32.0624390837628	52.0	27.313000567495326	15.033296378372908	40.80441152620633	49.193495504995376	46.61544808322666	50.695167422546305	52.3450093132096	37.21558813185679	29.068883707497267	11.045361017187261	14.560219778561036	10.295630140987	22.360679774997898	39.05124837953327	42.37924020083418	41.10960958218893	37.656340767525464	10.04987562112089	28.284271247461902	21.095023109728988	44.14748010928823	52.69724850502159	57.48912940721924	42.01190307520001	5.830951894845301	54.00925846556311	43.18564576337837	69.1158447825099	58.180752831155424	33.301651610693426	20.615528128088304	9.219544457292887	23.345235059857504	57.3149195236284	63.655321851358195	36.76955262170047	27.459060435491963	45.79301256742124	58.52349955359813	53.225933528685054	40.0	16.492422502470642	30.083217912982647	30.364452901377952	
24	33.13608305156178	25.80697580112788	33.61547262794322	14.142135623730951	38.8329756778952	53.225933528685054	27.51363298439521	43.56604182158393	48.041648597857254	24.839484696748443	40.22437072223753	52.80151512977634	29.120439557122072	55.57877292636101	56.753854494650845	58.18934610390462	15.652475842498529	26.019223662515376	13.152946437965905	55.226805085936306	65.7419196555744	47.634021455258214	35.510561809129406	15.524174696260024	0.0	23.259406699226016	34.132096331752024	48.83646178829912	38.897300677553446	48.104053883222775	39.81205847478876	40.80441152620633	18.027756377319946	23.600847442411894	43.104524124504614	48.507731342539614	57.42821606144492	59.941638282582836	46.14108798023731	28.600699292150182	24.041630560342615	26.476404589747453	30.083217912982647	25.632011235952593	14.866068747318506	44.9221548904324	44.01136216933077	51.31276644267	46.52956049652737	7.0710678118654755	15.264337522473747	22.360679774997898	47.265209192385896	50.0	60.03332407921454	27.16615541441225	18.027756377319946	60.166435825965294	37.12142238654117	66.40783086353596	69.06518659932803	47.01063709417264	32.526911934581186	18.384776310850235	38.8329756778952	50.774009099144415	57.8013840664737	38.01315561749642	32.57299494980466	58.05170109479997	68.60029154456998	64.40496875241847	32.7566787083184	27.586228448267445	40.22437072223753	33.54101966249684	
25	33.24154027718932	42.2965719651132	42.485291572496	19.4164878389476	40.311288741492746	58.137767414994535	34.0	35.84689665786984	42.485291572496	10.295630140987	23.08679276123039	38.01315561749642	22.20360331117452	53.53503525729669	45.5411901469428	60.207972893961475	28.284271247461902	25.612496949731394	11.313708498984761	47.75981574503821	70.00714249274856	57.706152185014034	51.78802950489621	36.49657518178932	23.259406699226016	0.0	30.0	48.41487374764082	51.264022471905186	51.66236541235796	46.04345773288535	18.439088914585774	12.083045973594572	36.138621999185304	40.80441152620633	40.496913462633174	65.45991139621256	65.19202405202648	30.066592756745816	13.601470508735444	19.1049731745428	47.265209192385896	50.039984012787215	45.0111097397076	16.492422502470642	47.38143096192854	40.496913462633174	59.07622195096772	53.009433122794285	26.476404589747453	8.246211251235321	27.730849247724095	45.221676218380054	38.63935817272331	55.036351623268054	9.219544457292887	40.52159917870962	60.60528029800704	23.345235059857504	53.0	76.21679604916491	61.032778078668514	45.880278987817846	34.132096331752024	59.033888572581766	33.54101966249684	40.792156108742276	35.608987629529715	37.44329045369811	68.47627326307996	74.41102068914255	72.42237223399962	18.439088914585774	41.23105625617661	49.64876634922564	35.4682957019364	
26	6.082762530298219	30.610455730027933	20.615528128088304	20.024984394500787	11.704699910719626	29.5296461204668	14.422205101855956	9.848857801796104	14.035668847618199	19.849433241279208	20.024984394500787	23.600847442411894	7.810249675906654	23.706539182259394	23.706539182259394	30.4138126514911	22.360679774997898	8.246211251235321	33.52610922848042	21.095023109728988	40.607881008493905	33.13608305156178	36.24913792078372	34.9857113690718	34.132096331752024	30.0	0.0	18.439088914585774	30.59411708155671	22.825424421026653	20.09975124224178	31.622776601683793	20.248456731316587	22.67156809750927	10.816653826391969	14.560219778561036	38.27531841800928	36.359317925395686	20.8806130178211	17.804493814764857	11.704699910719626	41.012193308819754	41.23105625617661	36.796738985948195	20.09975124224178	18.35755975068582	10.770329614269007	32.28002478313795	25.96150997149434	30.083217912982647	27.85677655436824	13.892443989449804	15.264337522473747	17.804493814764857	26.476404589747453	39.20459156782532	40.8166632639171	30.610455730027933	14.035668847618199	34.132096331752024	47.885279575251516	40.311288741492746	28.231188426986208	26.40075756488817	48.54894437575342	25.632011235952593	30.528675044947494	5.656854249492381	13.341664064126334	42.95346318982906	45.48626166217664	44.77722635447622	15.231546211727817	26.076809620810597	26.019223662515376	9.055385138137417	
27	16.15549442140351	35.11409973215888	20.615528128088304	35.73513677041127	10.04987562112089	14.0	22.0	16.76305461424021	11.0	38.28837943815329	35.34119409414458	31.0	26.248809496813376	7.0710678118654755	24.041630560342615	12.206555615733702	34.058772731852805	24.166091947189145	50.99019513592785	15.652475842498529	22.825424421026653	23.706539182259394	35.805027579936315	44.40720662234904	48.83646178829912	48.41487374764082	18.439088914585774	0.0	26.90724809414742	8.54400374531753	14.422205101855956	48.373546489791295	38.07886552931954	29.427877939124322	7.810249675906654	16.0	24.020824298928627	19.6468827043885	32.984845004941285	36.069377593742864	29.68164415931166	46.238512086787566	44.721359549995796	41.78516483155236	36.76955262170047	6.4031242374328485	8.94427190999916	19.6468827043885	14.7648230602334	43.18564576337837	45.65084884205331	26.476404589747453	4.123105625617661	23.0	13.892443989449804	57.62811813689564	49.8196748283246	12.206555615733702	30.01666203960727	33.54101966249684	31.32091952673165	33.83784863137726	28.653097563788805	35.22782990761707	49.4064773081425	36.345563690772494	38.05259518088089	12.806248474865697	17.029386365926403	30.4138126514911	28.231188426986208	29.274562336608895	32.802438933713454	29.732137494637012	20.518284528683193	15.297058540778355	
28	24.515301344262525	14.317821063276353	10.04987562112089	32.202484376209235	21.470910553583888	20.396078054371138	18.110770276274835	37.16180835212409	35.22782990761707	43.93176527297759	50.24937810560445	52.92447448959697	35.0	33.015148038438355	49.09175083453431	28.160255680657446	24.413111231467404	28.071337695236398	47.70744176750625	41.86884283091664	31.064449134018133	9.486832980505138	9.486832980505138	26.832815729997478	38.897300677553446	51.264022471905186	30.59411708155671	26.90724809414742	0.0	19.72308292331602	12.806248474865697	60.13318551349163	39.21734310225516	15.811388300841896	28.30194339616981	39.44616584663204	19.924858845171276	25.019992006393608	51.419840528729765	44.28317965096906	34.36568055487916	23.021728866442675	20.09975124224178	19.235384061671343	34.92849839314596	20.518284528683193	30.528675044947494	15.033296378372908	13.92838827718412	31.827660925679098	44.721359549995796	23.769728648009426	29.068883707497267	45.617978911828175	40.607881008493905	59.50630218724736	30.364452901377952	31.953090617340916	44.28317965096906	59.405386961116584	31.38470965295043	10.04987562112089	6.4031242374328485	20.518284528683193	22.825424421026653	56.04462507680822	60.166435825965294	27.85677655436824	17.26267650163207	19.209372712298546	32.01562118716424	26.40075756488817	44.0	11.313708498984761	6.4031242374328485	21.587033144922902	
