{
 "cells": [
  {
   "cell_type": "code",
   "execution_count": 7,
   "id": "36c95d87",
   "metadata": {},
   "outputs": [],
   "source": [
    "def create_data_model(problem):\n",
    "    if problem == \"CMT1\":\n",
    "        return data_CMT1()\n",
    "    elif problem == \"CMT2\":\n",
    "        return data_CMT2()\n",
    "    elif problem == \"CMT3\":\n",
    "        return data_CMT3()\n",
    "    elif problem == \"CMT11\":\n",
    "        return data_CMT11()"
   ]
  },
  {
   "cell_type": "code",
   "execution_count": 8,
   "id": "c6ef9b7c",
   "metadata": {},
   "outputs": [
    {
     "name": "stdout",
     "output_type": "stream",
     "text": [
      "Solver status:  1\n",
      "Objective: 821\n",
      " 0 18 60 84 17 45 46 47 36 49 64 63 11 19 48 52 0\n",
      " 0 1 70 30 51 9 35 71 65 66 20 32 90 10 62 0\n",
      " 0 6 92 98 37 100 91 44 38 86 16 61 85 96 0\n",
      " 0 58 2 57 42 14 43 15 41 22 75 74 72 73 21 40 53 0\n",
      " 0 28 76 77 3 68 80 24 29 79 78 34 81 33 50 0\n",
      " 0 27 69 31 88 7 82 8 83 5 93 59 99 89 0\n",
      " 0 94 95 97 87 13 0\n",
      " 0 12 54 55 25 39 67 23 56 4 26 0\n",
      "Total distance of all routes: 821m\n",
      "Total load of all routes: 1458\n",
      "duration 60.0100302696228\n"
     ]
    }
   ],
   "source": [
    "\"\"\"Capacited Vehicles Routing Problem (CVRP).\"\"\"\n",
    "\n",
    "from ortools.constraint_solver import routing_enums_pb2\n",
    "from ortools.constraint_solver import pywrapcp\n",
    "import time\n",
    "\n",
    "\n",
    "def print_solution(data, manager, routing, solution):\n",
    "    \"\"\"Prints solution on console.\"\"\"\n",
    "    print(f'Objective: {solution.ObjectiveValue()}')\n",
    "    total_distance = 0\n",
    "    total_load = 0\n",
    "    for vehicle_id in range(data['num_vehicles']):\n",
    "        index = routing.Start(vehicle_id)\n",
    "        plan_output = ''\n",
    "        route_distance = 0\n",
    "        route_load = 0\n",
    "        while not routing.IsEnd(index):\n",
    "            node_index = manager.IndexToNode(index)\n",
    "            route_load += data['demands'][node_index]\n",
    "            plan_output += ' {0}'.format(node_index)\n",
    "            previous_index = index\n",
    "            index = solution.Value(routing.NextVar(index))\n",
    "            route_distance += routing.GetArcCostForVehicle(\n",
    "                previous_index, index, vehicle_id)\n",
    "        plan_output += ' {0}'.format(manager.IndexToNode(index))\n",
    "        print(plan_output)\n",
    "        total_distance += route_distance\n",
    "        total_load += route_load\n",
    "    print('Total distance of all routes: {}m'.format(total_distance))\n",
    "    print('Total load of all routes: {}'.format(total_load))\n",
    "\n",
    "\n",
    "def main():\n",
    "    \"\"\"Solve the CVRP problem.\"\"\"\n",
    "    # Instantiate the data problem.\n",
    "    data = create_data_model(\"CMT3\")\n",
    "\n",
    "    # Create the routing index manager.\n",
    "    manager = pywrapcp.RoutingIndexManager(len(data['distance_matrix']),\n",
    "                                           data['num_vehicles'], data['depot'])\n",
    "\n",
    "    # Create Routing Model.\n",
    "    routing = pywrapcp.RoutingModel(manager)\n",
    "\n",
    "\n",
    "    # Create and register a transit callback.\n",
    "    def distance_callback(from_index, to_index):\n",
    "        \"\"\"Returns the distance between the two nodes.\"\"\"\n",
    "        # Convert from routing variable Index to distance matrix NodeIndex.\n",
    "        from_node = manager.IndexToNode(from_index)\n",
    "        to_node = manager.IndexToNode(to_index)\n",
    "        return data['distance_matrix'][from_node][to_node]\n",
    "\n",
    "    transit_callback_index = routing.RegisterTransitCallback(distance_callback)\n",
    "\n",
    "    # Define cost of each arc.\n",
    "    routing.SetArcCostEvaluatorOfAllVehicles(transit_callback_index)\n",
    "\n",
    "\n",
    "    # Add Capacity constraint.\n",
    "    def demand_callback(from_index):\n",
    "        \"\"\"Returns the demand of the node.\"\"\"\n",
    "        # Convert from routing variable Index to demands NodeIndex.\n",
    "        from_node = manager.IndexToNode(from_index)\n",
    "        return data['demands'][from_node]\n",
    "\n",
    "    demand_callback_index = routing.RegisterUnaryTransitCallback(\n",
    "        demand_callback)\n",
    "    routing.AddDimensionWithVehicleCapacity(\n",
    "        demand_callback_index,\n",
    "        0,  # null capacity slack\n",
    "        data['vehicle_capacities'],  # vehicle maximum capacities\n",
    "        True,  # start cumul to zero\n",
    "        'Capacity')\n",
    "\n",
    "    # Setting first solution heuristic.\n",
    "    search_parameters = pywrapcp.DefaultRoutingSearchParameters()\n",
    "    search_parameters.first_solution_strategy = (\n",
    "        routing_enums_pb2.FirstSolutionStrategy.SAVINGS)\n",
    "    search_parameters.local_search_metaheuristic = (\n",
    "        routing_enums_pb2.LocalSearchMetaheuristic.GUIDED_LOCAL_SEARCH)\n",
    "    search_parameters.time_limit.FromSeconds(60)\n",
    "\n",
    "    # Solve the problem.\n",
    "    starttime = time.time()\n",
    "    solution = routing.SolveWithParameters(search_parameters)\n",
    "    duration = time.time() - starttime\n",
    "    \n",
    "    print(\"Solver status: \", routing.status())\n",
    "\n",
    "    # Print solution on console.\n",
    "    if solution:\n",
    "        print_solution(data, manager, routing, solution)\n",
    "    print(\"duration\", duration)\n",
    "\n",
    "if __name__ == '__main__':\n",
    "    main()"
   ]
  },
  {
   "cell_type": "code",
   "execution_count": 1,
   "id": "0b85ff91",
   "metadata": {},
   "outputs": [],
   "source": [
    "def data_CMT1():\n",
    "    data = {}\n",
    "    data[\"distance_matrix\"] = [[0.0,\n",
    "          13.892443989449804,\n",
    "          21.02379604162864,\n",
    "          32.55764119219941,\n",
    "          17.204650534085253,\n",
    "          14.142135623730951,\n",
    "          11.40175425099138,\n",
    "          26.419689627245813,\n",
    "          22.02271554554524,\n",
    "          23.08679276123039,\n",
    "          28.319604517012593,\n",
    "          12.041594578792296,\n",
    "          8.06225774829855,\n",
    "          29.154759474226502,\n",
    "          18.110770276274835,\n",
    "          24.73863375370596,\n",
    "          22.02271554554524,\n",
    "          17.26267650163207,\n",
    "          14.7648230602334,\n",
    "          31.906112267087632,\n",
    "          32.449961479175904,\n",
    "          32.0624390837628,\n",
    "          20.808652046684813,\n",
    "          22.02271554554524,\n",
    "          25.059928172283335,\n",
    "          23.08679276123039,\n",
    "          28.160255680657446,\n",
    "          8.0,\n",
    "          29.966648127543394,\n",
    "          29.120439557122072,\n",
    "          30.870698080866262,\n",
    "          29.832867780352597,\n",
    "          10.0,\n",
    "          34.0,\n",
    "          31.78049716414141,\n",
    "          39.408120990476064,\n",
    "          43.93176527297759,\n",
    "          18.110770276274835,\n",
    "          15.811388300841896,\n",
    "          38.28837943815329,\n",
    "          42.20189569201838,\n",
    "          30.479501308256342,\n",
    "          31.32091952673165,\n",
    "          34.655446902326915,\n",
    "          25.0,\n",
    "          31.32091952673165,\n",
    "          2.23606797749979,\n",
    "          9.433981132056603,\n",
    "          15.811388300841896,\n",
    "          21.633307652783937,\n",
    "          26.1725046566048],\n",
    "         [13.892443989449804,\n",
    "          0.0,\n",
    "          12.36931687685298,\n",
    "          19.209372712298546,\n",
    "          31.064449134018133,\n",
    "          22.20360331117452,\n",
    "          16.76305461424021,\n",
    "          22.825424421026653,\n",
    "          11.661903789690601,\n",
    "          24.20743687382041,\n",
    "          34.0147027033899,\n",
    "          12.083045973594572,\n",
    "          20.8806130178211,\n",
    "          41.86884283091664,\n",
    "          26.92582403567252,\n",
    "          36.013886210738214,\n",
    "          18.601075237738275,\n",
    "          30.675723300355934,\n",
    "          27.586228448267445,\n",
    "          45.79301256742124,\n",
    "          20.8806130178211,\n",
    "          26.92582403567252,\n",
    "          7.0710678118654755,\n",
    "          21.587033144922902,\n",
    "          29.0,\n",
    "          33.1058907144937,\n",
    "          18.867962264113206,\n",
    "          8.06225774829855,\n",
    "          16.15549442140351,\n",
    "          21.37755832643195,\n",
    "          32.64965543462902,\n",
    "          17.0,\n",
    "          6.082762530298219,\n",
    "          42.95346318982906,\n",
    "          30.610455730027933,\n",
    "          27.313000567495326,\n",
    "          31.064449134018133,\n",
    "          30.4138126514911,\n",
    "          18.788294228055936,\n",
    "          43.04648650006177,\n",
    "          56.0357029044876,\n",
    "          44.204072210600685,\n",
    "          44.94441010848846,\n",
    "          34.17601498127012,\n",
    "          37.656340767525464,\n",
    "          42.04759208325728,\n",
    "          13.92838827718412,\n",
    "          23.323807579381203,\n",
    "          12.36931687685298,\n",
    "          26.40075756488817,\n",
    "          24.20743687382041],\n",
    "         [21.02379604162864,\n",
    "          12.36931687685298,\n",
    "          0.0,\n",
    "          15.297058540778355,\n",
    "          37.013511046643494,\n",
    "          21.02379604162864,\n",
    "          28.071337695236398,\n",
    "          34.92849839314596,\n",
    "          22.20360331117452,\n",
    "          16.278820596099706,\n",
    "          28.071337695236398,\n",
    "          10.63014581273465,\n",
    "          24.758836806279895,\n",
    "          50.11985634456667,\n",
    "          37.656340767525464,\n",
    "          35.4682957019364,\n",
    "          8.54400374531753,\n",
    "          34.058772731852805,\n",
    "          35.77708763999664,\n",
    "          50.91168824543142,\n",
    "          12.041594578792296,\n",
    "          14.7648230602334,\n",
    "          10.63014581273465,\n",
    "          33.95585369269929,\n",
    "          41.10960958218893,\n",
    "          43.41658669218482,\n",
    "          29.068883707497267,\n",
    "          19.026297590440446,\n",
    "          18.973665961010276,\n",
    "          9.055385138137417,\n",
    "          23.769728648009426,\n",
    "          23.323807579381203,\n",
    "          11.40175425099138,\n",
    "          39.11521443121589,\n",
    "          20.0,\n",
    "          19.1049731745428,\n",
    "          24.413111231467404,\n",
    "          31.906112267087632,\n",
    "          14.560219778561036,\n",
    "          35.4400902933387,\n",
    "          61.5223536610881,\n",
    "          50.44799302251776,\n",
    "          48.010415536631214,\n",
    "          46.486557196677836,\n",
    "          38.948684188300895,\n",
    "          40.26164427839479,\n",
    "          19.72308292331602,\n",
    "          29.410882339705484,\n",
    "          24.73863375370596,\n",
    "          21.02379604162864,\n",
    "          13.892443989449804],\n",
    "         [32.55764119219941,\n",
    "          19.209372712298546,\n",
    "          15.297058540778355,\n",
    "          0.0,\n",
    "          49.678969393496885,\n",
    "          36.05551275463989,\n",
    "          35.35533905932738,\n",
    "          35.014282800023196,\n",
    "          21.095023109728988,\n",
    "          31.0,\n",
    "          43.01162633521314,\n",
    "          25.079872407968907,\n",
    "          38.27531841800928,\n",
    "          61.07372593840988,\n",
    "          45.65084884205331,\n",
    "          50.59644256269407,\n",
    "          23.0,\n",
    "          48.02082881417188,\n",
    "          46.75467891024384,\n",
    "          64.20280367709809,\n",
    "          7.810249675906654,\n",
    "          24.166091947189145,\n",
    "          12.206555615733702,\n",
    "          36.6742416417845,\n",
    "          45.60701700396552,\n",
    "          51.97114584074513,\n",
    "          25.317977802344327,\n",
    "          27.202941017470888,\n",
    "          9.486832980505138,\n",
    "          17.08800749063506,\n",
    "          37.48332962798263,\n",
    "          15.811388300841896,\n",
    "          22.80350850198276,\n",
    "          54.3323108288245,\n",
    "          32.28002478313795,\n",
    "          10.04987562112089,\n",
    "          12.083045973594572,\n",
    "          46.51881339845203,\n",
    "          29.832867780352597,\n",
    "          49.49747468305833,\n",
    "          74.65252842335616,\n",
    "          63.0317380372777,\n",
    "          62.26556030423239,\n",
    "          47.0,\n",
    "          53.71219600798314,\n",
    "          55.54277630799526,\n",
    "          32.01562118716424,\n",
    "          41.86884283091664,\n",
    "          28.460498941515414,\n",
    "          36.22154055254967,\n",
    "          27.294688127912362],\n",
    "         [17.204650534085253,\n",
    "          31.064449134018133,\n",
    "          37.013511046643494,\n",
    "          49.678969393496885,\n",
    "          0.0,\n",
    "          20.396078054371138,\n",
    "          21.02379604162864,\n",
    "          37.12142238654117,\n",
    "          37.64306044943742,\n",
    "          32.7566787083184,\n",
    "          31.400636936215164,\n",
    "          26.627053911388696,\n",
    "          12.529964086141668,\n",
    "          15.033296378372908,\n",
    "          17.88854381999832,\n",
    "          18.867962264113206,\n",
    "          35.34119409414458,\n",
    "          7.615773105863909,\n",
    "          7.615773105863909,\n",
    "          14.7648230602334,\n",
    "          48.91829923454004,\n",
    "          44.94441010848846,\n",
    "          38.01315561749642,\n",
    "          31.25699921617557,\n",
    "          28.635642126552707,\n",
    "          17.69180601295413,\n",
    "          42.579337712087536,\n",
    "          24.166091947189145,\n",
    "          47.01063709417264,\n",
    "          43.9089968002003,\n",
    "          38.01315561749642,\n",
    "          46.238512086787566,\n",
    "          26.90724809414742,\n",
    "          30.528675044947494,\n",
    "          41.593268686170845,\n",
    "          55.97320787662612,\n",
    "          60.81118318204309,\n",
    "          12.649110640673518,\n",
    "          26.570660511172846,\n",
    "          40.52159917870962,\n",
    "          25.0,\n",
    "          13.45362404707371,\n",
    "          16.0312195418814,\n",
    "          40.85339643163099,\n",
    "          14.866068747318506,\n",
    "          24.839484696748443,\n",
    "          17.69180601295413,\n",
    "          7.810249675906654,\n",
    "          29.427877939124322,\n",
    "          28.071337695236398,\n",
    "          37.64306044943742],\n",
    "         [14.142135623730951,\n",
    "          22.20360331117452,\n",
    "          21.02379604162864,\n",
    "          36.05551275463989,\n",
    "          20.396078054371138,\n",
    "          0.0,\n",
    "          25.495097567963924,\n",
    "          40.22437072223753,\n",
    "          33.24154027718932,\n",
    "          12.36931687685298,\n",
    "          14.212670403551895,\n",
    "          11.180339887498949,\n",
    "          9.219544457292887,\n",
    "          35.35533905932738,\n",
    "          30.463092423455635,\n",
    "          14.560219778561036,\n",
    "          16.278820596099706,\n",
    "          14.7648230602334,\n",
    "          23.194827009486403,\n",
    "          31.906112267087632,\n",
    "          32.7566787083184,\n",
    "          25.059928172283335,\n",
    "          27.073972741361768,\n",
    "          36.124783736376884,\n",
    "          38.8329756778952,\n",
    "          33.95585369269929,\n",
    "          40.162171256046406,\n",
    "          20.591260281974,\n",
    "          37.12142238654117,\n",
    "          25.45584412271571,\n",
    "          18.24828759089466,\n",
    "          39.11521443121589,\n",
    "          16.1245154965971,\n",
    "          20.8806130178211,\n",
    "          21.213203435596427,\n",
    "          39.66106403010388,\n",
    "          45.27692569068709,\n",
    "          11.313708498984761,\n",
    "          7.0710678118654755,\n",
    "          24.20743687382041,\n",
    "          42.43819034784589,\n",
    "          32.69556544854363,\n",
    "          27.586228448267445,\n",
    "          48.79549159502341,\n",
    "          18.027756377319946,\n",
    "          20.024984394500787,\n",
    "          12.041594578792296,\n",
    "          15.132745950421556,\n",
    "          29.154759474226502,\n",
    "          8.246211251235321,\n",
    "          17.46424919657298],\n",
    "         [11.40175425099138,\n",
    "          16.76305461424021,\n",
    "          28.071337695236398,\n",
    "          35.35533905932738,\n",
    "          21.02379604162864,\n",
    "          25.495097567963924,\n",
    "          0.0,\n",
    "          16.492422502470642,\n",
    "          18.027756377319946,\n",
    "          34.0147027033899,\n",
    "          39.698866482558415,\n",
    "          21.840329667841555,\n",
    "          18.027756377319946,\n",
    "          27.202941017470888,\n",
    "          10.295630140987,\n",
    "          34.438350715445125,\n",
    "          31.575306807693888,\n",
    "          24.73863375370596,\n",
    "          14.560219778561036,\n",
    "          34.92849839314596,\n",
    "          37.64306044943742,\n",
    "          41.30375285612676,\n",
    "          23.259406699226016,\n",
    "          11.180339887498949,\n",
    "          13.92838827718412,\n",
    "          16.64331697709324,\n",
    "          21.840329667841555,\n",
    "          9.055385138137417,\n",
    "          29.732137494637012,\n",
    "          37.013511046643494,\n",
    "          42.05948168962618,\n",
    "          27.202941017470888,\n",
    "          17.029386365926403,\n",
    "          44.654227123532216,\n",
    "          42.37924020083418,\n",
    "          44.01136216933077,\n",
    "          47.41307836451879,\n",
    "          27.313000567495326,\n",
    "          26.832815729997478,\n",
    "          49.678969393496885,\n",
    "          44.01136216933077,\n",
    "          31.953090617340916,\n",
    "          37.0,\n",
    "          23.345235059857504,\n",
    "          33.24154027718932,\n",
    "          41.14608122288197,\n",
    "          13.601470508735444,\n",
    "          15.524174696260024,\n",
    "          8.94427190999916,\n",
    "          33.015148038438355,\n",
    "          36.40054944640259],\n",
    "         [26.419689627245813,\n",
    "          22.825424421026653,\n",
    "          34.92849839314596,\n",
    "          35.014282800023196,\n",
    "          37.12142238654117,\n",
    "          40.22437072223753,\n",
    "          16.492422502470642,\n",
    "          0.0,\n",
    "          14.035668847618199,\n",
    "          46.09772228646444,\n",
    "          54.037024344425184,\n",
    "          33.301651610693426,\n",
    "          34.0147027033899,\n",
    "          39.84971769034255,\n",
    "          21.587033144922902,\n",
    "          50.695167422546305,\n",
    "          41.340053217188775,\n",
    "          41.23105625617661,\n",
    "          30.0,\n",
    "          50.15974481593781,\n",
    "          40.311288741492746,\n",
    "          49.658836071740545,\n",
    "          25.709920264364882,\n",
    "          6.082762530298219,\n",
    "          14.212670403551895,\n",
    "          26.92582403567252,\n",
    "          11.180339887498949,\n",
    "          19.849433241279208,\n",
    "          26.30589287593181,\n",
    "          43.657759905886145,\n",
    "          54.56189146281496,\n",
    "          20.8806130178211,\n",
    "          27.018512172212592,\n",
    "          60.41522986797286,\n",
    "          53.25410782277739,\n",
    "          45.0,\n",
    "          46.389654018972806,\n",
    "          43.657759905886145,\n",
    "          39.59797974644666,\n",
    "          63.7808748764079,\n",
    "          58.249463516842795,\n",
    "          46.52956049652737,\n",
    "          53.150729063673246,\n",
    "          12.041594578792296,\n",
    "          49.72926703662542,\n",
    "          57.38466694161429,\n",
    "          28.30194339616981,\n",
    "          32.01562118716424,\n",
    "          11.313708498984761,\n",
    "          46.75467891024384,\n",
    "          46.87216658103186],\n",
    "         [22.02271554554524,\n",
    "          11.661903789690601,\n",
    "          22.20360331117452,\n",
    "          21.095023109728988,\n",
    "          37.64306044943742,\n",
    "          33.24154027718932,\n",
    "          18.027756377319946,\n",
    "          14.035668847618199,\n",
    "          0.0,\n",
    "          35.805027579936315,\n",
    "          45.617978911828175,\n",
    "          23.706539182259394,\n",
    "          30.0,\n",
    "          45.221676218380054,\n",
    "          27.586228448267445,\n",
    "          46.2709412050371,\n",
    "          29.698484809834994,\n",
    "          39.20459156782532,\n",
    "          32.202484376209235,\n",
    "          52.20153254455275,\n",
    "          26.30589287593181,\n",
    "          36.89173349139343,\n",
    "          12.083045973594572,\n",
    "          15.811388300841896,\n",
    "          25.079872407968907,\n",
    "          33.94112549695428,\n",
    "          7.211102550927978,\n",
    "          14.035668847618199,\n",
    "          13.0,\n",
    "          30.4138126514911,\n",
    "          44.204072210600685,\n",
    "          9.219544457292887,\n",
    "          17.46424919657298,\n",
    "          54.120236510939236,\n",
    "          41.72529209005013,\n",
    "          31.016124838541646,\n",
    "          32.7566787083184,\n",
    "          40.01249804748511,\n",
    "          30.4138126514911,\n",
    "          54.70831746635972,\n",
    "          61.741396161732524,\n",
    "          49.658836071740545,\n",
    "          52.952809179494906,\n",
    "          26.076809620810597,\n",
    "          47.01063709417264,\n",
    "          52.61178575186362,\n",
    "          23.021728866442675,\n",
    "          30.59411708155671,\n",
    "          9.219544457292887,\n",
    "          38.01315561749642,\n",
    "          35.35533905932738],\n",
    "         [23.08679276123039,\n",
    "          24.20743687382041,\n",
    "          16.278820596099706,\n",
    "          31.0,\n",
    "          32.7566787083184,\n",
    "          12.36931687685298,\n",
    "          34.0147027033899,\n",
    "          46.09772228646444,\n",
    "          35.805027579936315,\n",
    "          0.0,\n",
    "          12.041594578792296,\n",
    "          12.806248474865697,\n",
    "          21.02379604162864,\n",
    "          47.67598976424087,\n",
    "          41.0,\n",
    "          23.345235059857504,\n",
    "          8.0,\n",
    "          26.92582403567252,\n",
    "          35.0,\n",
    "          43.829214001622255,\n",
    "          25.495097567963924,\n",
    "          13.45362404707371,\n",
    "          26.0,\n",
    "          43.266615305567875,\n",
    "          47.92702786528704,\n",
    "          45.27692569068709,\n",
    "          43.01162633521314,\n",
    "          26.627053911388696,\n",
    "          35.17101079013795,\n",
    "          16.15549442140351,\n",
    "          8.48528137423857,\n",
    "          39.0,\n",
    "          19.1049731745428,\n",
    "          23.769728648009426,\n",
    "          9.0,\n",
    "          31.622776601683793,\n",
    "          37.64306044943742,\n",
    "          22.825424421026653,\n",
    "          7.280109889280518,\n",
    "          19.313207915827967,\n",
    "          54.20332093147061,\n",
    "          44.94441010848846,\n",
    "          38.600518131237564,\n",
    "          56.302753041036986,\n",
    "          28.42534080710379,\n",
    "          26.419689627245813,\n",
    "          20.8806130178211,\n",
    "          27.018512172212592,\n",
    "          34.828149534535996,\n",
    "          6.4031242374328485,\n",
    "          5.656854249492381],\n",
    "         [28.319604517012593,\n",
    "          34.0147027033899,\n",
    "          28.071337695236398,\n",
    "          43.01162633521314,\n",
    "          31.400636936215164,\n",
    "          14.212670403551895,\n",
    "          39.698866482558415,\n",
    "          54.037024344425184,\n",
    "          45.617978911828175,\n",
    "          12.041594578792296,\n",
    "          0.0,\n",
    "          21.93171219946131,\n",
    "          22.825424421026653,\n",
    "          46.17358552246078,\n",
    "          44.294469180700204,\n",
    "          15.811388300841896,\n",
    "          20.024984394500787,\n",
    "          24.08318915758459,\n",
    "          36.05551275463989,\n",
    "          38.8329756778952,\n",
    "          37.48332962798263,\n",
    "          23.706539182259394,\n",
    "          37.107950630558946,\n",
    "          50.20956084253277,\n",
    "          53.009433122794285,\n",
    "          47.16990566028302,\n",
    "          52.773099207835045,\n",
    "          34.20526275297414,\n",
    "          46.69047011971501,\n",
    "          27.892651361962706,\n",
    "          9.219544457292887,\n",
    "          50.0,\n",
    "          28.178005607210743,\n",
    "          12.083045973594572,\n",
    "          15.620499351813308,\n",
    "          43.41658669218482,\n",
    "          49.47726750741192,\n",
    "          19.026297590440446,\n",
    "          15.231546211727817,\n",
    "          10.0,\n",
    "          48.38388161361178,\n",
    "          41.19465984809196,\n",
    "          31.953090617340916,\n",
    "          62.96824596572466,\n",
    "          21.840329667841555,\n",
    "          16.278820596099706,\n",
    "          26.1725046566048,\n",
    "          28.231188426986208,\n",
    "          42.80186911806539,\n",
    "          7.615773105863909,\n",
    "          16.76305461424021],\n",
    "         [12.041594578792296,\n",
    "          12.083045973594572,\n",
    "          10.63014581273465,\n",
    "          25.079872407968907,\n",
    "          26.627053911388696,\n",
    "          11.180339887498949,\n",
    "          21.840329667841555,\n",
    "          33.301651610693426,\n",
    "          23.706539182259394,\n",
    "          12.806248474865697,\n",
    "          21.93171219946131,\n",
    "          0.0,\n",
    "          14.212670403551895,\n",
    "          40.311288741492746,\n",
    "          30.01666203960727,\n",
    "          25.709920264364882,\n",
    "          10.0,\n",
    "          23.430749027719962,\n",
    "          26.248809496813376,\n",
    "          40.311288741492746,\n",
    "          22.67156809750927,\n",
    "          20.024984394500787,\n",
    "          16.0,\n",
    "          30.528675044947494,\n",
    "          35.73513677041127,\n",
    "          35.12833614050059,\n",
    "          30.886890422961002,\n",
    "          13.892443989449804,\n",
    "          26.019223662515376,\n",
    "          17.46424919657298,\n",
    "          21.2602916254693,\n",
    "          28.442925306655784,\n",
    "          6.4031242374328485,\n",
    "          31.25699921617557,\n",
    "          20.615528128088304,\n",
    "          29.732137494637012,\n",
    "          35.0,\n",
    "          21.470910553583888,\n",
    "          6.708203932499369,\n",
    "          31.064449134018133,\n",
    "          50.93132631298737,\n",
    "          40.0,\n",
    "          37.44329045369811,\n",
    "          43.56604182158393,\n",
    "          28.635642126552707,\n",
    "          31.144823004794873,\n",
    "          10.198039027185569,\n",
    "          19.235384061671343,\n",
    "          22.02271554554524,\n",
    "          14.317821063276353,\n",
    "          14.560219778561036],\n",
    "         [8.06225774829855,\n",
    "          20.8806130178211,\n",
    "          24.758836806279895,\n",
    "          38.27531841800928,\n",
    "          12.529964086141668,\n",
    "          9.219544457292887,\n",
    "          18.027756377319946,\n",
    "          34.0147027033899,\n",
    "          30.0,\n",
    "          21.02379604162864,\n",
    "          22.825424421026653,\n",
    "          14.212670403551895,\n",
    "          0.0,\n",
    "          26.92582403567252,\n",
    "          21.470910553583888,\n",
    "          16.76305461424021,\n",
    "          22.847319317591726,\n",
    "          9.848857801796104,\n",
    "          14.035668847618199,\n",
    "          26.1725046566048,\n",
    "          36.76955262170047,\n",
    "          32.57299494980466,\n",
    "          27.313000567495326,\n",
    "          29.154759474226502,\n",
    "          30.479501308256342,\n",
    "          24.73863375370596,\n",
    "          36.22154055254967,\n",
    "          16.0312195418814,\n",
    "          37.0,\n",
    "          31.38470965295043,\n",
    "          27.459060435491963,\n",
    "          37.48332962798263,\n",
    "          15.652475842498529,\n",
    "          26.627053911388696,\n",
    "          30.01666203960727,\n",
    "          43.840620433565945,\n",
    "          48.91829923454004,\n",
    "          10.04987562112089,\n",
    "          14.317821063276353,\n",
    "          32.7566787083184,\n",
    "          36.76955262170047,\n",
    "          25.80697580112788,\n",
    "          24.166091947189145,\n",
    "          41.23105625617661,\n",
    "          17.029386365926403,\n",
    "          23.40939982143925,\n",
    "          7.0710678118654755,\n",
    "          6.0,\n",
    "          23.769728648009426,\n",
    "          17.46424919657298,\n",
    "          25.495097567963924],\n",
    "         [29.154759474226502,\n",
    "          41.86884283091664,\n",
    "          50.11985634456667,\n",
    "          61.07372593840988,\n",
    "          15.033296378372908,\n",
    "          35.35533905932738,\n",
    "          27.202941017470888,\n",
    "          39.84971769034255,\n",
    "          45.221676218380054,\n",
    "          47.67598976424087,\n",
    "          46.17358552246078,\n",
    "          40.311288741492746,\n",
    "          26.92582403567252,\n",
    "          0.0,\n",
    "          18.384776310850235,\n",
    "          32.28002478313795,\n",
    "          49.64876634922564,\n",
    "          22.090722034374522,\n",
    "          14.422205101855956,\n",
    "          14.422205101855956,\n",
    "          61.587336360651285,\n",
    "          59.481089431852205,\n",
    "          48.91829923454004,\n",
    "          33.83784863137726,\n",
    "          27.16615541441225,\n",
    "          13.152946437965905,\n",
    "          48.30113870293329,\n",
    "          33.97057550292606,\n",
    "          56.639209034025185,\n",
    "          57.77542730261716,\n",
    "          53.03772242470448,\n",
    "          54.405882034941776,\n",
    "          39.11521443121589,\n",
    "          43.657759905886145,\n",
    "          56.568542494923804,\n",
    "          68.5054742338158,\n",
    "          72.80109889280519,\n",
    "          27.16615541441225,\n",
    "          41.23105625617661,\n",
    "          54.91812087098393,\n",
    "          19.0,\n",
    "          9.433981132056603,\n",
    "          21.93171219946131,\n",
    "          39.0,\n",
    "          26.92582403567252,\n",
    "          37.16180835212409,\n",
    "          30.4138126514911,\n",
    "          21.18962010041709,\n",
    "          36.05551275463989,\n",
    "          43.104524124504614,\n",
    "          52.392747589718944],\n",
    "         [18.110770276274835,\n",
    "          26.92582403567252,\n",
    "          37.656340767525464,\n",
    "          45.65084884205331,\n",
    "          17.88854381999832,\n",
    "          30.463092423455635,\n",
    "          10.295630140987,\n",
    "          21.587033144922902,\n",
    "          27.586228448267445,\n",
    "          41.0,\n",
    "          44.294469180700204,\n",
    "          30.01666203960727,\n",
    "          21.470910553583888,\n",
    "          18.384776310850235,\n",
    "          0.0,\n",
    "          35.38361202590826,\n",
    "          40.01249804748511,\n",
    "          24.20743687382041,\n",
    "          10.295630140987,\n",
    "          29.017236257093817,\n",
    "          47.75981574503821,\n",
    "          50.0,\n",
    "          33.54101966249684,\n",
    "          15.524174696260024,\n",
    "          10.770329614269007,\n",
    "          6.4031242374328485,\n",
    "          30.01666203960727,\n",
    "          18.973665961010276,\n",
    "          39.824615503479755,\n",
    "          46.389654018972806,\n",
    "          48.38388161361178,\n",
    "          36.796738985948195,\n",
    "          26.30589287593181,\n",
    "          46.69047011971501,\n",
    "          49.8196748283246,\n",
    "          54.230987451824994,\n",
    "          57.706152185014034,\n",
    "          28.284271247461902,\n",
    "          33.734255586866,\n",
    "          54.20332093147061,\n",
    "          36.6742416417845,\n",
    "          25.079872407968907,\n",
    "          33.24154027718932,\n",
    "          23.08679276123039,\n",
    "          32.449961479175904,\n",
    "          41.86884283091664,\n",
    "          20.223748416156685,\n",
    "          16.401219466856727,\n",
    "          18.384776310850235,\n",
    "          38.62641583165593,\n",
    "          44.28317965096906],\n",
    "         [24.73863375370596,\n",
    "          36.013886210738214,\n",
    "          35.4682957019364,\n",
    "          50.59644256269407,\n",
    "          18.867962264113206,\n",
    "          14.560219778561036,\n",
    "          34.438350715445125,\n",
    "          50.695167422546305,\n",
    "          46.2709412050371,\n",
    "          23.345235059857504,\n",
    "          15.811388300841896,\n",
    "          25.709920264364882,\n",
    "          16.76305461424021,\n",
    "          32.28002478313795,\n",
    "          35.38361202590826,\n",
    "          0.0,\n",
    "          29.68164415931166,\n",
    "          11.40175425099138,\n",
    "          25.495097567963924,\n",
    "          23.194827009486403,\n",
    "          46.95742752749558,\n",
    "          36.76955262170047,\n",
    "          41.43669871020132,\n",
    "          45.617978911828175,\n",
    "          45.60701700396552,\n",
    "          36.40054944640259,\n",
    "          52.773099207835045,\n",
    "          32.55764119219941,\n",
    "          51.478150704935004,\n",
    "          38.8329756778952,\n",
    "          24.596747752497688,\n",
    "          53.009433122794285,\n",
    "          30.066592756745816,\n",
    "          11.661903789690601,\n",
    "          30.23243291566195,\n",
    "          53.71219600798314,\n",
    "          59.481089431852205,\n",
    "          7.211102550927978,\n",
    "          21.02379604162864,\n",
    "          23.021728866442675,\n",
    "          32.57299494980466,\n",
    "          26.019223662515376,\n",
    "          16.15549442140351,\n",
    "          57.14017850864661,\n",
    "          6.082762530298219,\n",
    "          6.708203932499369,\n",
    "          23.345235059857504,\n",
    "          19.4164878389476,\n",
    "          40.52159917870962,\n",
    "          16.97056274847714,\n",
    "          29.0],\n",
    "         [22.02271554554524,\n",
    "          18.601075237738275,\n",
    "          8.54400374531753,\n",
    "          23.0,\n",
    "          35.34119409414458,\n",
    "          16.278820596099706,\n",
    "          31.575306807693888,\n",
    "          41.340053217188775,\n",
    "          29.698484809834994,\n",
    "          8.0,\n",
    "          20.024984394500787,\n",
    "          10.0,\n",
    "          22.847319317591726,\n",
    "          49.64876634922564,\n",
    "          40.01249804748511,\n",
    "          29.68164415931166,\n",
    "          0.0,\n",
    "          30.805843601498726,\n",
    "          35.90264614203248,\n",
    "          48.010415536631214,\n",
    "          17.72004514666935,\n",
    "          10.04987562112089,\n",
    "          18.867962264113206,\n",
    "          39.395431207184416,\n",
    "          45.35416188179427,\n",
    "          45.09988913511872,\n",
    "          36.796738985948195,\n",
    "          23.08679276123039,\n",
    "          27.51363298439521,\n",
    "          9.219544457292887,\n",
    "          15.231546211727817,\n",
    "          31.76476034853718,\n",
    "          14.866068747318506,\n",
    "          31.575306807693888,\n",
    "          12.041594578792296,\n",
    "          24.166091947189145,\n",
    "          30.083217912982647,\n",
    "          27.586228448267445,\n",
    "          9.219544457292887,\n",
    "          26.92582403567252,\n",
    "          58.60034129593445,\n",
    "          48.373546489791295,\n",
    "          43.840620433565945,\n",
    "          52.32590180780452,\n",
    "          34.058772731852805,\n",
    "          33.61547262794322,\n",
    "          20.09975124224178,\n",
    "          28.460498941515414,\n",
    "          30.4138126514911,\n",
    "          13.601470508735444,\n",
    "          5.656854249492381],\n",
    "         [17.26267650163207,\n",
    "          30.675723300355934,\n",
    "          34.058772731852805,\n",
    "          48.02082881417188,\n",
    "          7.615773105863909,\n",
    "          14.7648230602334,\n",
    "          24.73863375370596,\n",
    "          41.23105625617661,\n",
    "          39.20459156782532,\n",
    "          26.92582403567252,\n",
    "          24.08318915758459,\n",
    "          23.430749027719962,\n",
    "          9.848857801796104,\n",
    "          22.090722034374522,\n",
    "          24.20743687382041,\n",
    "          11.40175425099138,\n",
    "          30.805843601498726,\n",
    "          0.0,\n",
    "          14.142135623730951,\n",
    "          17.204650534085253,\n",
    "          46.09772228646444,\n",
    "          39.824615503479755,\n",
    "          37.16180835212409,\n",
    "          35.73513677041127,\n",
    "          34.66987164671943,\n",
    "          25.0,\n",
    "          45.0,\n",
    "          25.179356624028344,\n",
    "          46.8187996428785,\n",
    "          39.824615503479755,\n",
    "          31.25699921617557,\n",
    "          47.07440918375928,\n",
    "          25.495097567963924,\n",
    "          23.021728866442675,\n",
    "          35.4400902933387,\n",
    "          53.150729063673246,\n",
    "          58.412327466040935,\n",
    "          5.0990195135927845,\n",
    "          21.633307652783937,\n",
    "          32.984845004941285,\n",
